10
identifier
6
63
4
# a b c d e f g h i j k l m n o p q r s t u v w x y z A B C D E F G H I J K L M N O P Q R S T U V W X Y Z 0 1 2 3 4 5 6 7 8 9 _
1 +3 +3 +3 +3 +3 +3 +3 +3 +3 +3 +3 +3 +3 +3 +3 +3 +3 +3 +3 +3 +3 +3 +3 +3 +3 +3 +3 +3 +3 +3 +3 +3 +3 +3 +3 +3 +3 +3 +3 +3 +3 +3 +3 +3 +3 +3 +3 +3 +3 +3 +3 +3 4 4 4 4 4 4 4 4 4 4 2
2 +3 +3 +3 +3 +3 +3 +3 +3 +3 +3 +3 +3 +3 +3 +3 +3 +3 +3 +3 +3 +3 +3 +3 +3 +3 +3 +3 +3 +3 +3 +3 +3 +3 +3 +3 +3 +3 +3 +3 +3 +3 +3 +3 +3 +3 +3 +3 +3 +3 +3 +3 +3 4 4 4 4 4 4 4 4 4 4 2
+3 +3 +3 +3 +3 +3 +3 +3 +3 +3 +3 +3 +3 +3 +3 +3 +3 +3 +3 +3 +3 +3 +3 +3 +3 +3 +3 +3 +3 +3 +3 +3 +3 +3 +3 +3 +3 +3 +3 +3 +3 +3 +3 +3 +3 +3 +3 +3 +3 +3 +3 +3 +3 +6 +6 +6 +6 +6 +6 +6 +6 +6 +6 5
4 4 4 4 4 4 4 4 4 4 4 4 4 4 4 4 4 4 4 4 4 4 4 4 4 4 4 4 4 4 4 4 4 4 4 4 4 4 4 4 4 4 4 4 4 4 4 4 4 4 4 4 4 4 4 4 4 4 4 4 4 4 4 4
5 +3 +3 +3 +3 +3 +3 +3 +3 +3 +3 +3 +3 +3 +3 +3 +3 +3 +3 +3 +3 +3 +3 +3 +3 +3 +3 +3 +3 +3 +3 +3 +3 +3 +3 +3 +3 +3 +3 +3 +3 +3 +3 +3 +3 +3 +3 +3 +3 +3 +3 +3 +3 +3 +3 +3 +3 +3 +3 +3 +3 +3 +3 5
+6 4 4 4 4 4 4 4 4 4 4 4 4 4 4 4 4 4 4 4 4 4 4 4 4 4 4 4 4 4 4 4 4 4 4 4 4 4 4 4 4 4 4 4 4 4 4 4 4 4 4 4 4 +6 +6 +6 +6 +6 +6 +6 +6 +6 +6 4

number
5
13
5
# 0 1 2 3 4 5 6 7 8 9 + - .
1 +3 +3 +3 +3 +3 +3 +3 +3 +3 +3 2 2 4
2 +3 +3 +3 +3 +3 +3 +3 +3 +3 +3 5 5 4
+3 +3 +3 +3 +3 +3 +3 +3 +3 +3 +3 5 5 4
4 +3 +3 +3 +3 +3 +3 +3 +3 +3 +3 5 5 5
5 5 5 5 5 5 5 5 5 5 5 5 5 5

Arthimetic Operator
3
4
3
# + - * /
1 +2 +2 +2 +2
+2 3 3 3 3
3 3 3 3 3

Comparison Operator
5
6
5
# < > = | & !
1 +2 +2 +2 4 4 4
+2 5 5 +3 5 5 5
+3 5 5 5 5 5 5
4 5 5 +3 +3 +3 5
5 5 5 5 5 5 5

Keyword if
4
2
4
# i f
1 2 4
2 4 +3
+3 4 4
4 4 4

Keyword while
7
5
7
# w h i l e
1 2 7 7 7 7
2 7 3 7 7 7
3 7 7 4 7 7
4 7 7 7 5 7
5 7 7 7 7 +6
+6 7 7 7 7 7
7 7 7 7 7 7

Keyword break
7
5
7
# b r e a k
1 2 7 7 7 7
2 7 3 7 7 7
3 7 7 4 7 7
4 7 7 7 5 7
5 7 7 7 7 +6
+6 7 7 7 7 7
7 7 7 7 7 7

Keyword print
7
5
7
# p r i n t
1 2 7 7 7 7
2 7 3 7 7 7
3 7 7 4 7 7
4 7 7 7 5 7
5 7 7 7 7 +6
+6 7 7 7 7 7
7 7 7 7 7 7

Curly Brackets
1
2
0
# } {
+1 +1 +1

Round Brackets
1
2
0
# ( )
+1 +1 +1